100
130
1
130
130
1
160
130
1
190
130
1
220
130
1
250
130
1
280
130
1
310
130
1
340
130
1
370
130
1
100
160
1
130
160
1
160
160
1
190
160
1
220
160
1
250
160
1
280
160
1
310
160
1
340
160
1
370
160
1
100
190
1
130
190
1
160
190
1
190
190
1
220
190
1
250
190
1
280
190
1
310
190
1
340
190
1
370
190
1
100
220
1
130
220
0
160
220
0
190
220
0
220
220
1
250
220
1
280
220
0
310
220
0
340
220
1
370
220
1
100
250
0
130
250
0
160
250
0
190
250
0
220
250
0
250
250
0
280
250
0
310
250
0
340
250
0
370
250
0
365
340
220
195
2
365
80
25
35
16
85
260
1
916
0
100
130
15

